     1     1     1    -8.333    -8.333    -8.333   1       37037                     1       37037           1
     1     1     2    -8.333    -8.333    -5.000   1       37037                     1       37037           1
     1     1     3    -8.333    -8.333    -1.667   1       37037                     1       37037           1
     1     1     4    -8.333    -8.333     1.667   2       37037                     1       11138           1                     3       25899           0
     1     2     1    -8.333    -5.000    -8.333   1       37037                     1       37037           1
     1     2     2    -8.333    -5.000    -5.000   1       37037                     1       37037           1
     1     2     3    -8.333    -5.000    -1.667   1       37037                     1       37037           1
     1     2     4    -8.333    -5.000     1.667   2       37037                     1       11250           1                     3       25787           0
     1     3     1    -8.333    -1.667    -8.333   1       37037                     1       37037           1
     1     3     2    -8.333    -1.667    -5.000   1       37037                     1       37037           1
     1     3     3    -8.333    -1.667    -1.667   1       37037                     1       37037           1
     1     3     4    -8.333    -1.667     1.667   2       37037                     3       25823           0                     1       11214           1
     1     4     1    -8.333     1.667    -8.333   1       37037                     1       37037           1
     1     4     2    -8.333     1.667    -5.000   1       37037                     1       37037           1
     1     4     3    -8.333     1.667    -1.667   1       37037                     1       37037           1
     1     4     4    -8.333     1.667     1.667   2       37037                     3       25925           0                     1       11112           1
     1     5     1    -8.333     5.000    -8.333   1       37037                     1       37037           1
     1     5     2    -8.333     5.000    -5.000   1       37037                     1       37037           1
     1     5     3    -8.333     5.000    -1.667   1       37037                     1       37037           1
     1     5     4    -8.333     5.000     1.667   2       37037                     3       26028           0                     1       11009           1
     1     6     1    -8.333     8.333    -8.333   1       37037                     1       37037           1
     1     6     2    -8.333     8.333    -5.000   1       37037                     1       37037           1
     1     6     3    -8.333     8.333    -1.667   1       37037                     1       37037           1
     1     6     4    -8.333     8.333     1.667   2       37037                     1       11052           1                     3       25985           0
     2     1     1    -5.000    -8.333    -8.333   1       37037                     1       37037           1
     2     1     2    -5.000    -8.333    -5.000   1       37037                     1       37037           1
     2     1     3    -5.000    -8.333    -1.667   1       37037                     1       37037           1
     2     1     4    -5.000    -8.333     1.667   2       37037                     1       11149           1                     3       25888           0
     2     2     1    -5.000    -5.000    -8.333   1       37037                     1       37037           1
     2     2     2    -5.000    -5.000    -5.000   1       37037                     1       37037           1
     2     2     3    -5.000    -5.000    -1.667   1       37037                     1       37037           1
     2     2     4    -5.000    -5.000     1.667   2       37037                     1       11193           1                     3       25844           0
     2     3     1    -5.000    -1.667    -8.333   1       37037                     1       37037           1
     2     3     2    -5.000    -1.667    -5.000   1       37037                     1       37037           1
     2     3     3    -5.000    -1.667    -1.667   1       37037                     1       37037           1
     2     3     4    -5.000    -1.667     1.667   2       37037                     3       25958           0                     1       11079           1
     2     4     1    -5.000     1.667    -8.333   1       37037                     1       37037           1
     2     4     2    -5.000     1.667    -5.000   1       37037                     1       37037           1
     2     4     3    -5.000     1.667    -1.667   1       37037                     1       37037           1
     2     4     4    -5.000     1.667     1.667   2       37037                     3       25963           0                     1       11074           1
     2     5     1    -5.000     5.000    -8.333   1       37037                     1       37037           1
     2     5     2    -5.000     5.000    -5.000   1       37037                     1       37037           1
     2     5     3    -5.000     5.000    -1.667   1       37037                     1       37037           1
     2     5     4    -5.000     5.000     1.667   2       37037                     3       26047           0                     1       10990           1
     2     6     1    -5.000     8.333    -8.333   1       37037                     1       37037           1
     2     6     2    -5.000     8.333    -5.000   1       37037                     1       37037           1
     2     6     3    -5.000     8.333    -1.667   1       37037                     1       37037           1
     2     6     4    -5.000     8.333     1.667   2       37037                     3       25686           0                     1       11351           1
     3     1     1    -1.667    -8.333    -8.333   1       37037                     1       37037           1
     3     1     2    -1.667    -8.333    -5.000   1       37037                     1       37037           1
     3     1     3    -1.667    -8.333    -1.667   1       37037                     1       37037           1
     3     1     4    -1.667    -8.333     1.667   2       37037                     3       25901           0                     1       11136           1
     3     2     1    -1.667    -5.000    -8.333   1       37037                     1       37037           1
     3     2     2    -1.667    -5.000    -5.000   1       37037                     1       37037           1
     3     2     3    -1.667    -5.000    -1.667   1       37037                     1       37037           1
     3     2     4    -1.667    -5.000     1.667   2       37037                     3       25992           0                     1       11045           1
     3     3     1    -1.667    -1.667    -8.333   1       37037                     1       37037           1
     3     3     2    -1.667    -1.667    -5.000   1       37037                     1       37037           1
     3     3     3    -1.667    -1.667    -1.667   1       37037                     1       37037           1
     3     3     4    -1.667    -1.667     1.667   2       37037                     1       11164           1                     3       25873           0
     3     4     1    -1.667     1.667    -8.333   1       37037                     1       37037           1
     3     4     2    -1.667     1.667    -5.000   1       37037                     1       37037           1
     3     4     3    -1.667     1.667    -1.667   1       37037                     1       37037           1
     3     4     4    -1.667     1.667     1.667   2       37037                     3       25866           0                     1       11171           1
     3     5     1    -1.667     5.000    -8.333   1       37037                     1       37037           1
     3     5     2    -1.667     5.000    -5.000   1       37037                     1       37037           1
     3     5     3    -1.667     5.000    -1.667   1       37037                     1       37037           1
     3     5     4    -1.667     5.000     1.667   2       37037                     3       26013           0                     1       11024           1
     3     6     1    -1.667     8.333    -8.333   1       37037                     1       37037           1
     3     6     2    -1.667     8.333    -5.000   1       37037                     1       37037           1
     3     6     3    -1.667     8.333    -1.667   1       37037                     1       37037           1
     3     6     4    -1.667     8.333     1.667   2       37037                     3       25954           0                     1       11083           1
     4     1     1     1.667    -8.333    -8.333   2       37037                     2       31461           1                     1        5576           1
     4     1     2     1.667    -8.333    -5.000   2       37037                     2       31496           1                     1        5541           1
     4     1     3     1.667    -8.333    -1.667   2       37037                     2       31486           1                     1        5551           1
     4     1     4     1.667    -8.333     1.667   3       37037                     2        9293           1                     3       26009           0                     1        1735           1
     4     2     1     1.667    -5.000    -8.333   2       37037                     1        5703           1                     2       31334           1
     4     2     2     1.667    -5.000    -5.000   2       37037                     2       31516           1                     1        5521           1
     4     2     3     1.667    -5.000    -1.667   2       37037                     2       31470           1                     1        5567           1
     4     2     4     1.667    -5.000     1.667   3       37037                     3       25854           0                     2        9509           1                     1        1674           1
     4     3     1     1.667    -1.667    -8.333   2       37037                     2       31383           1                     1        5654           1
     4     3     2     1.667    -1.667    -5.000   2       37037                     1        5507           1                     2       31530           1
     4     3     3     1.667    -1.667    -1.667   2       37037                     2       31395           1                     1        5642           1
     4     3     4     1.667    -1.667     1.667   3       37037                     3       26034           0                     2        9287           1                     1        1716           1
     4     4     1     1.667     1.667    -8.333   2       37037                     2       31482           1                     1        5555           1
     4     4     2     1.667     1.667    -5.000   2       37037                     2       31569           1                     1        5468           1
     4     4     3     1.667     1.667    -1.667   2       37037                     2       31445           1                     1        5592           1
     4     4     4     1.667     1.667     1.667   3       37037                     3       26026           0                     2        9368           1                     1        1643           1
     4     5     1     1.667     5.000    -8.333   2       37037                     2       31593           1                     1        5444           1
     4     5     2     1.667     5.000    -5.000   2       37037                     2       31462           1                     1        5575           1
     4     5     3     1.667     5.000    -1.667   2       37037                     2       31305           1                     1        5732           1
     4     5     4     1.667     5.000     1.667   3       37037                     3       26054           0                     2        9352           1                     1        1631           1
     4     6     1     1.667     8.333    -8.333   2       37037                     2       31387           1                     1        5650           1
     4     6     2     1.667     8.333    -5.000   2       37037                     2       31427           1                     1        5610           1
     4     6     3     1.667     8.333    -1.667   2       37037                     2       31475           1                     1        5562           1
     4     6     4     1.667     8.333     1.667   3       37037                     1        1630           1                     3       25712           0                     2        9695           1
     5     1     1     5.000    -8.333    -8.333   1       37037                     2       37037           1
     5     1     2     5.000    -8.333    -5.000   1       37037                     2       37037           1
     5     1     3     5.000    -8.333    -1.667   1       37037                     2       37037           1
     5     1     4     5.000    -8.333     1.667   2       37037                     3       25885           0                     2       11152           1
     5     2     1     5.000    -5.000    -8.333   1       37037                     2       37037           1
     5     2     2     5.000    -5.000    -5.000   1       37037                     2       37037           1
     5     2     3     5.000    -5.000    -1.667   1       37037                     2       37037           1
     5     2     4     5.000    -5.000     1.667   2       37037                     3       25941           0                     2       11096           1
     5     3     1     5.000    -1.667    -8.333   1       37037                     2       37037           1
     5     3     2     5.000    -1.667    -5.000   1       37037                     2       37037           1
     5     3     3     5.000    -1.667    -1.667   1       37037                     2       37037           1
     5     3     4     5.000    -1.667     1.667   2       37037                     3       25863           0                     2       11174           1
     5     4     1     5.000     1.667    -8.333   1       37037                     2       37037           1
     5     4     2     5.000     1.667    -5.000   1       37037                     2       37037           1
     5     4     3     5.000     1.667    -1.667   1       37037                     2       37037           1
     5     4     4     5.000     1.667     1.667   2       37037                     3       25860           0                     2       11177           1
     5     5     1     5.000     5.000    -8.333   1       37037                     2       37037           1
     5     5     2     5.000     5.000    -5.000   1       37037                     2       37037           1
     5     5     3     5.000     5.000    -1.667   1       37037                     2       37037           1
     5     5     4     5.000     5.000     1.667   2       37037                     2       11098           1                     3       25939           0
     5     6     1     5.000     8.333    -8.333   1       37037                     2       37037           1
     5     6     2     5.000     8.333    -5.000   1       37037                     2       37037           1
     5     6     3     5.000     8.333    -1.667   1       37037                     2       37037           1
     5     6     4     5.000     8.333     1.667   2       37037                     3       25897           0                     2       11140           1
     6     1     1     8.333    -8.333    -8.333   1       37037                     2       37037           1
     6     1     2     8.333    -8.333    -5.000   1       37037                     2       37037           1
     6     1     3     8.333    -8.333    -1.667   1       37037                     2       37037           1
     6     1     4     8.333    -8.333     1.667   2       37037                     3       26029           0                     2       11008           1
     6     2     1     8.333    -5.000    -8.333   1       37037                     2       37037           1
     6     2     2     8.333    -5.000    -5.000   1       37037                     2       37037           1
     6     2     3     8.333    -5.000    -1.667   1       37037                     2       37037           1
     6     2     4     8.333    -5.000     1.667   2       37037                     3       25833           0                     2       11204           1
     6     3     1     8.333    -1.667    -8.333   1       37037                     2       37037           1
     6     3     2     8.333    -1.667    -5.000   1       37037                     2       37037           1
     6     3     3     8.333    -1.667    -1.667   1       37037                     2       37037           1
     6     3     4     8.333    -1.667     1.667   2       37037                     3       25991           0                     2       11046           1
     6     4     1     8.333     1.667    -8.333   1       37037                     2       37037           1
     6     4     2     8.333     1.667    -5.000   1       37037                     2       37037           1
     6     4     3     8.333     1.667    -1.667   1       37037                     2       37037           1
     6     4     4     8.333     1.667     1.667   2       37037                     3       25912           0                     2       11125           1
     6     5     1     8.333     5.000    -8.333   1       37037                     2       37037           1
     6     5     2     8.333     5.000    -5.000   1       37037                     2       37037           1
     6     5     3     8.333     5.000    -1.667   1       37037                     2       37037           1
     6     5     4     8.333     5.000     1.667   2       37037                     3       25926           0                     2       11111           1
     6     6     1     8.333     8.333    -8.333   1       37037                     2       37037           1
     6     6     2     8.333     8.333    -5.000   1       37037                     2       37037           1
     6     6     3     8.333     8.333    -1.667   1       37037                     2       37037           1
     6     6     4     8.333     8.333     1.667   2       37037                     3       26005           0                     2       11032           1
