     1     1     1    -8.333    -8.333    -8.333   1       37037                     1       37037           1
     1     2     2    -8.333    -5.000    -5.000   1       37037                     1       37037           1
     1     3     3    -8.333    -1.667    -1.667   1       37037                     1       37037           1
     1     4     4    -8.333     1.667     1.667   2       37037                     3       25925           0                     1       11112           1
     2     2     1    -5.000    -5.000    -8.333   1       37037                     1       37037           1
     2     3     2    -5.000    -1.667    -5.000   1       37037                     1       37037           1
     2     4     3    -5.000     1.667    -1.667   1       37037                     1       37037           1
     2     5     4    -5.000     5.000     1.667   2       37037                     3       26047           0                     1       10990           1
     3     3     1    -1.667    -1.667    -8.333   1       37037                     1       37037           1
     3     4     2    -1.667     1.667    -5.000   1       37037                     1       37037           1
     3     5     3    -1.667     5.000    -1.667   1       37037                     1       37037           1
     3     6     4    -1.667     8.333     1.667   2       37037                     3       25954           0                     1       11083           1
     4     4     1     1.667     1.667    -8.333   2       37037                     2       31482           1                     1        5555           1
     4     5     2     1.667     5.000    -5.000   2       37037                     2       31462           1                     1        5575           1
     4     6     3     1.667     8.333    -1.667   2       37037                     2       31475           1                     1        5562           1
     5     1     4     5.000    -8.333     1.667   2       37037                     3       25885           0                     2       11152           1
     5     5     1     5.000     5.000    -8.333   1       37037                     2       37037           1
     5     6     2     5.000     8.333    -5.000   1       37037                     2       37037           1
     6     1     3     8.333    -8.333    -1.667   1       37037                     2       37037           1
     6     2     4     8.333    -5.000     1.667   2       37037                     3       25833           0                     2       11204           1
     6     6     1     8.333     8.333    -8.333   1       37037                     2       37037           1
