     1     1     4    -8.333    -8.333     1.667   2       37037                     1       11138           1                     3       25899           0
     1     5     1    -8.333     5.000    -8.333   1       37037                     1       37037           1
     1     6     2    -8.333     8.333    -5.000   1       37037                     1       37037           1
     2     1     3    -5.000    -8.333    -1.667   1       37037                     1       37037           1
     2     2     4    -5.000    -5.000     1.667   2       37037                     1       11193           1                     3       25844           0
     2     6     1    -5.000     8.333    -8.333   1       37037                     1       37037           1
     3     1     2    -1.667    -8.333    -5.000   1       37037                     1       37037           1
     3     2     3    -1.667    -5.000    -1.667   1       37037                     1       37037           1
     3     3     4    -1.667    -1.667     1.667   2       37037                     1       11164           1                     3       25873           0
     4     1     1     1.667    -8.333    -8.333   2       37037                     2       31461           1                     1        5576           1
     4     2     2     1.667    -5.000    -5.000   2       37037                     2       31516           1                     1        5521           1
     4     3     3     1.667    -1.667    -1.667   2       37037                     2       31395           1                     1        5642           1
     4     4     4     1.667     1.667     1.667   3       37037                     3       26026           0                     2        9368           1                     1        1643           1
     5     2     1     5.000    -5.000    -8.333   1       37037                     2       37037           1
     5     3     2     5.000    -1.667    -5.000   1       37037                     2       37037           1
     5     4     3     5.000     1.667    -1.667   1       37037                     2       37037           1
     5     5     4     5.000     5.000     1.667   2       37037                     2       11098           1                     3       25939           0
     6     3     1     8.333    -1.667    -8.333   1       37037                     2       37037           1
     6     4     2     8.333     1.667    -5.000   1       37037                     2       37037           1
     6     5     3     8.333     5.000    -1.667   1       37037                     2       37037           1
     6     6     4     8.333     8.333     1.667   2       37037                     3       26005           0                     2       11032           1
