     1     4     1    -8.333     1.667    -8.333   1       37037                     1       37037           1
     1     5     2    -8.333     5.000    -5.000   1       37037                     1       37037           1
     1     6     3    -8.333     8.333    -1.667   1       37037                     1       37037           1
     2     1     4    -5.000    -8.333     1.667   2       37037                     1       11149           1                     3       25888           0
     2     5     1    -5.000     5.000    -8.333   1       37037                     1       37037           1
     2     6     2    -5.000     8.333    -5.000   1       37037                     1       37037           1
     3     1     3    -1.667    -8.333    -1.667   1       37037                     1       37037           1
     3     2     4    -1.667    -5.000     1.667   2       37037                     3       25992           0                     1       11045           1
     3     6     1    -1.667     8.333    -8.333   1       37037                     1       37037           1
     4     1     2     1.667    -8.333    -5.000   2       37037                     2       31496           1                     1        5541           1
     4     2     3     1.667    -5.000    -1.667   2       37037                     2       31470           1                     1        5567           1
     4     3     4     1.667    -1.667     1.667   3       37037                     3       26034           0                     2        9287           1                     1        1716           1
     5     1     1     5.000    -8.333    -8.333   1       37037                     2       37037           1
     5     2     2     5.000    -5.000    -5.000   1       37037                     2       37037           1
     5     3     3     5.000    -1.667    -1.667   1       37037                     2       37037           1
     5     4     4     5.000     1.667     1.667   2       37037                     3       25860           0                     2       11177           1
     6     2     1     8.333    -5.000    -8.333   1       37037                     2       37037           1
     6     3     2     8.333    -1.667    -5.000   1       37037                     2       37037           1
     6     4     3     8.333     1.667    -1.667   1       37037                     2       37037           1
     6     5     4     8.333     5.000     1.667   2       37037                     3       25926           0                     2       11111           1
