     1     1     2    -8.333    -8.333    -5.000   1       37037                     1       37037           1
     1     2     3    -8.333    -5.000    -1.667   1       37037                     1       37037           1
     1     3     4    -8.333    -1.667     1.667   2       37037                     3       25823           0                     1       11214           1
     2     1     1    -5.000    -8.333    -8.333   1       37037                     1       37037           1
     2     2     2    -5.000    -5.000    -5.000   1       37037                     1       37037           1
     2     3     3    -5.000    -1.667    -1.667   1       37037                     1       37037           1
     2     4     4    -5.000     1.667     1.667   2       37037                     3       25963           0                     1       11074           1
     3     2     1    -1.667    -5.000    -8.333   1       37037                     1       37037           1
     3     3     2    -1.667    -1.667    -5.000   1       37037                     1       37037           1
     3     4     3    -1.667     1.667    -1.667   1       37037                     1       37037           1
     3     5     4    -1.667     5.000     1.667   2       37037                     3       26013           0                     1       11024           1
     4     3     1     1.667    -1.667    -8.333   2       37037                     2       31383           1                     1        5654           1
     4     4     2     1.667     1.667    -5.000   2       37037                     2       31569           1                     1        5468           1
     4     5     3     1.667     5.000    -1.667   2       37037                     2       31305           1                     1        5732           1
     4     6     4     1.667     8.333     1.667   3       37037                     1        1630           1                     3       25712           0                     2        9695           1
     5     4     1     5.000     1.667    -8.333   1       37037                     2       37037           1
     5     5     2     5.000     5.000    -5.000   1       37037                     2       37037           1
     5     6     3     5.000     8.333    -1.667   1       37037                     2       37037           1
     6     1     4     8.333    -8.333     1.667   2       37037                     3       26029           0                     2       11008           1
     6     5     1     8.333     5.000    -8.333   1       37037                     2       37037           1
     6     6     2     8.333     8.333    -5.000   1       37037                     2       37037           1
