     1     3     1    -8.333    -1.667    -8.333   1       37037                     1       37037           1
     1     4     2    -8.333     1.667    -5.000   1       37037                     1       37037           1
     1     5     3    -8.333     5.000    -1.667   1       37037                     1       37037           1
     1     6     4    -8.333     8.333     1.667   2       37037                     1       11052           1                     3       25985           0
     2     4     1    -5.000     1.667    -8.333   1       37037                     1       37037           1
     2     5     2    -5.000     5.000    -5.000   1       37037                     1       37037           1
     2     6     3    -5.000     8.333    -1.667   1       37037                     1       37037           1
     3     1     4    -1.667    -8.333     1.667   2       37037                     3       25901           0                     1       11136           1
     3     5     1    -1.667     5.000    -8.333   1       37037                     1       37037           1
     3     6     2    -1.667     8.333    -5.000   1       37037                     1       37037           1
     4     1     3     1.667    -8.333    -1.667   2       37037                     2       31486           1                     1        5551           1
     4     2     4     1.667    -5.000     1.667   3       37037                     3       25854           0                     2        9509           1                     1        1674           1
     4     6     1     1.667     8.333    -8.333   2       37037                     2       31387           1                     1        5650           1
     5     1     2     5.000    -8.333    -5.000   1       37037                     2       37037           1
     5     2     3     5.000    -5.000    -1.667   1       37037                     2       37037           1
     5     3     4     5.000    -1.667     1.667   2       37037                     3       25863           0                     2       11174           1
     6     1     1     8.333    -8.333    -8.333   1       37037                     2       37037           1
     6     2     2     8.333    -5.000    -5.000   1       37037                     2       37037           1
     6     3     3     8.333    -1.667    -1.667   1       37037                     2       37037           1
     6     4     4     8.333     1.667     1.667   2       37037                     3       25912           0                     2       11125           1
