     1     1     3    -8.333    -8.333    -1.667   1       37037                     1       37037           1
     1     2     4    -8.333    -5.000     1.667   2       37037                     1       11250           1                     3       25787           0
     1     6     1    -8.333     8.333    -8.333   1       37037                     1       37037           1
     2     1     2    -5.000    -8.333    -5.000   1       37037                     1       37037           1
     2     2     3    -5.000    -5.000    -1.667   1       37037                     1       37037           1
     2     3     4    -5.000    -1.667     1.667   2       37037                     3       25958           0                     1       11079           1
     3     1     1    -1.667    -8.333    -8.333   1       37037                     1       37037           1
     3     2     2    -1.667    -5.000    -5.000   1       37037                     1       37037           1
     3     3     3    -1.667    -1.667    -1.667   1       37037                     1       37037           1
     3     4     4    -1.667     1.667     1.667   2       37037                     3       25866           0                     1       11171           1
     4     2     1     1.667    -5.000    -8.333   2       37037                     1        5703           1                     2       31334           1
     4     3     2     1.667    -1.667    -5.000   2       37037                     1        5507           1                     2       31530           1
     4     4     3     1.667     1.667    -1.667   2       37037                     2       31445           1                     1        5592           1
     4     5     4     1.667     5.000     1.667   3       37037                     3       26054           0                     2        9352           1                     1        1631           1
     5     3     1     5.000    -1.667    -8.333   1       37037                     2       37037           1
     5     4     2     5.000     1.667    -5.000   1       37037                     2       37037           1
     5     5     3     5.000     5.000    -1.667   1       37037                     2       37037           1
     5     6     4     5.000     8.333     1.667   2       37037                     3       25897           0                     2       11140           1
     6     4     1     8.333     1.667    -8.333   1       37037                     2       37037           1
     6     5     2     8.333     5.000    -5.000   1       37037                     2       37037           1
     6     6     3     8.333     8.333    -1.667   1       37037                     2       37037           1
