     1     2     1    -8.333    -5.000    -8.333   1       37037                     1       37037           1
     1     3     2    -8.333    -1.667    -5.000   1       37037                     1       37037           1
     1     4     3    -8.333     1.667    -1.667   1       37037                     1       37037           1
     1     5     4    -8.333     5.000     1.667   2       37037                     3       26028           0                     1       11009           1
     2     3     1    -5.000    -1.667    -8.333   1       37037                     1       37037           1
     2     4     2    -5.000     1.667    -5.000   1       37037                     1       37037           1
     2     5     3    -5.000     5.000    -1.667   1       37037                     1       37037           1
     2     6     4    -5.000     8.333     1.667   2       37037                     3       25686           0                     1       11351           1
     3     4     1    -1.667     1.667    -8.333   1       37037                     1       37037           1
     3     5     2    -1.667     5.000    -5.000   1       37037                     1       37037           1
     3     6     3    -1.667     8.333    -1.667   1       37037                     1       37037           1
     4     1     4     1.667    -8.333     1.667   3       37037                     2        9293           1                     3       26009           0                     1        1735           1
     4     5     1     1.667     5.000    -8.333   2       37037                     2       31593           1                     1        5444           1
     4     6     2     1.667     8.333    -5.000   2       37037                     2       31427           1                     1        5610           1
     5     1     3     5.000    -8.333    -1.667   1       37037                     2       37037           1
     5     2     4     5.000    -5.000     1.667   2       37037                     3       25941           0                     2       11096           1
     5     6     1     5.000     8.333    -8.333   1       37037                     2       37037           1
     6     1     2     8.333    -8.333    -5.000   1       37037                     2       37037           1
     6     2     3     8.333    -5.000    -1.667   1       37037                     2       37037           1
     6     3     4     8.333    -1.667     1.667   2       37037                     3       25991           0                     2       11046           1
